4
aaa
bbbb
0 0 100
abab
acac
1 1 100
baaaaa
aaaaab
1 100 100
aaaaaa
bbbbbb
100 100 0

baaaaa
aaaaab
1 100 100


1
2
2 2
2 3

2
3 3
-1 -1 1
-1 -1 -1
1 -1 -1
2 3
0 1 -2
2 3 1

1
2 3
0 1 -2
2 3 1

3
3 10
7 3 1
3 5
7 3 1
3 1
7 3 1

6 7 6
1 3
3 2
2 4
4 5
5 6
6 4

4
aaa  
bbbb
0 0 100
abab
acac
1 1 100
baaaaa
aaaaab
1 100 100
aaaaaa
bbbbbb
100 100 0

1
kitten
sitting
1 1 3


4
aaaaaaaa
aaaa
2 1 9
abab
acac
1 1 100
baaaaa
aaaaab
1 100 100
aaaaaa
bbbbbb
100 100 0

1
abc
dabcea
2 0 8

1
adbc
abc
1 5 0


4
aaa
bbbb
0 0 100
abab
acac
1 1 100
baaaaa
aaaaab
1 100 100
aaaaaa
bbbbbb
100 100 0

4
aaa
bbbb
0 0 100
abab
acac
1 1 100
baaaaa
aaaaab
1 100 100
aaaaaa
bbbbbb
100 100 0

5
0 0
100 100
200 200
100 0
0 100

3
0 0
2 2
3 3

5
0 0
100 100
200 200
100 0
0 100

3
0 0
2 2
3 3

4
0 0
100 0
100 100
0 100

3
0 0
2 2
3 3


4
0 0
2 2
1000000 1000000
-1000000 -1000000

5
0 0
100 100
200 200
100 0
0 100

3
0 0
2 2
3 3

3
2 1
R 1
3 1
A 2
6 3
A 2
A 4
B 6

3
1 1 1 1
1
2
3
1 1 1 1
2
4
6
3 2 2 2
1 2 3
2 4
6 8

1
1
0
2
5 -5
2
-5 5
3
1 2 -3

3
1 1
3
5 7
3 3 4 2 1
5 6
3 3 4 2 1
5 8
3 3 4 2 1

1
8 4
3 2 4 1 5 7 6 8
1 4
2 3
3 5
6 7

2
7 4
3 1 2 4 5 7 6
1 2
4 4
6 7
2 3
4 2
2 1 3 4
2 4
2 3

1
5 1
2 1 4 5 3
1 4

7 4
3 1 2 4 5 7 6
1 2
4 4
6 7
2 3
4 2
2 1 3 4
2 4
2 3

2
7 4
3 2 1 4 5 6 7
1 2
4 4
6 7
2 3
4 2
2 1 3 4
2 4
2 3

1
6 5
1 2
1 3
1 4
1 5
1 6


3
2 2
1 2
1 2
3 2
1 2
2 3
4 6
1 2
1 3
1 4
2 3
2 4
3 4


2
3 3
1 3 1
4 6 2
7 10 3
4 2
10 100 1
100 200 2
150 500 2
200 300 2


2
5 1 5 1
10 2 2 2


2
11111110
10101010101010


2
1 100000
20 30
1 10



5 3
10 20 30
30 20 10
10 30 10
10 30 40
40 10 20
80 60 40

1 1
10
20


5
100 300
1 10
3 10
6 16
7 17

4
16
4
10
55


2
4
1 3 5 7
2
4 6
3
1 2 3
2
2 3


3
1
2
9


2
1 10
100 10000


3
1
2
5

3
4
1 3 4 2
2
5
1 2 3 9 4
5
5
1 2 3 9 4 
1

2
3
2 4 7
2
1 2


1
9 12


1
3 7
1 2 3
2 3 5
3 3 3


1
3
0 0
1 0
0 1


1
7 7
^#^#^^^
^#^^^#^
^#^^^^^
^^^#^^^
^^^^^^^
^^^^^^^
^^^^^^^

1 
9 6
^^^^^^
^#^^^^
^^^#^^
^^^^^^
^#^^^^
^^^^^^
^^#^^^
^^^#^^
^^^^^^

1
6 6
^^^^^^
^^^^^^
^^^^^^
^^^^^^
^^^^^^
^^^^^^


1 
9 6
^^^^^^
^#^^^^
^^^#^^
^^^^^^
^#^^^^
^^^^^^
^^#^^^
^^^#^^
^^^^^^




5 4
edee 
dddd 
eede 
eeed 
deee