2
2
4

1
-6 11 -6

1
11
2
3
7
0

100.00 6.00 1
100.00 6.00 12
1000.00 6.00 12
0.00 0.00 0

2
2
0 1
3
2 3 2

4 4
1 2
3 2
4 3
2 1

1
3
2 3 2
1 3
0
1
6
1 3
1 1
1 2
2 6 2
2 4 1
1 5

1
6
0
1 1
1 2
1 3
1 4
1 5


1
3
2 3 2
1 3
0

1
13 43 33 60



1
1 6 1 6

2
5 5 8 8
1 6 1 6

2
3
aaa
12
aabaabaabaab

2
9
aabaababb
3
aaa
12
aabaabaabaab

1
8
abababab

5
1
3
1
7
2


7 0 3 0 3 0 4 0 4 1 3 1 7 4 4
3 0 3 0 3 0 3
2 0 1 2 1
0

3 0 3 0 3 0 2
0


7 0 3 0 3 0 4 0 4 1 3 1 7 4 4
3 0 3 0 3 0 3
0



3 0 3 0 3 0 3

0

10 0 10 0 10 0 10 0 10 0 10 0 10 0 10 0 10 0 10 0 10
0



0


4
5123232
666
0




4
OOX
OXX
X..

O..
O..
XXX

...
.O.
...

...
...
...
